1.732247365993089261e-06 3.599999999198945006e+05 7.599999989454884082e+06 2.697789967060089111e-01 3.085797309875488281e+00
5.321183380146976560e-06 3.599999999781730003e+05 7.599999995447319932e+06 1.395909786224365234e-01 1.758691787719726562e+00
2.623710315674543381e-04 3.599999999811140005e+05 7.599999997284846380e+06 4.980678856372833252e-02 2.685400009155273438e+00
1.661815643310546875e+00 3.599999999866619473e+05 7.599999998510342091e+06 2.683630585670471191e-02 1.927227973937988281e+00
3.987559318542480469e+00 3.599999999880351825e+05 7.600000000477590598e+06 1.156775504350662231e-01 4.705387115478515625e+00
3.675305098295211792e-02 3.599999999856639188e+05 7.600000000272125006e+06 1.236421018838882446e-01 3.739453315734863281e+00
1.805859565734863281e+00 3.599999999876006623e+05 7.600000000806400552e+06 1.424776613712310791e-01 5.181442499160766602e+00
5.690885543823242188e+00 3.599999999874454224e+05 7.600000000793313608e+06 1.419634819030761719e-01 5.194020748138427734e+00
1.065622806549072266e+00 3.599999999876215006e+05 7.600000000809600577e+06 1.426020115613937378e-01 5.182060241699218750e+00
1.125116348266601562e+00 3.599999999876286602e+05 7.600000000811651349e+06 1.426995992660522461e-01 5.180251598358154297e+00
7.850952148437500000e-01 3.599999999876350630e+05 7.600000000813950785e+06 1.428082734346389771e-01 5.184039592742919922e+00
