1.919868792120259932e-04 2.681252198044603574e-08 8.941397027228958905e-07 4.173733759671449661e-05 4.041213542222976685e-04
5.350756863680139475e-04 5.613589593167489511e-10 2.189255610574036837e-06 1.075933687388896942e-04 3.233698196709156036e-03
1.606560674645152176e-04 3.053272479291990749e-08 1.883618097053840756e-06 2.070167920464882627e-05 8.223924785852432251e-03
4.183148499578237534e-03 4.150713550643558847e-09 1.153871380665805191e-06 3.359743277542293072e-05 6.693279370665550232e-03
2.122435485944151878e-03 3.835964434983907267e-09 1.726660684653325006e-06 1.081353329936973751e-04 3.544243052601814270e-03
3.314153803730732761e-01 6.832002519274738006e-09 9.539085112919565290e-07 1.480882492614910007e-04 7.632391527295112610e-03
1.661173384636640549e-01 7.506024246595188743e-09 5.203060027270112187e-07 1.321859162999317050e-04 8.797080256044864655e-03
7.006459869444370270e-03 5.503833833131466235e-09 7.332819222938269377e-07 1.405770308338105679e-04 8.910424076020717621e-03
1.844617635942995548e-01 7.845761373914683645e-09 5.134505727255600505e-07 1.319616203545592725e-04 8.798864670097827911e-03
3.527494431473314762e-01 8.236131776584443287e-09 5.178638957659131847e-07 1.320824667345732450e-04 8.797271177172660828e-03
3.475666337180882692e-01 8.116137095726116968e-09 5.134387492944370024e-07 1.318901995546184480e-04 8.799312636256217957e-03
