1.935783451756378781e-06 9.044388207257725298e-06 1.295413821935653687e-04 5.261192098259925842e-03 1.567858904600143433e-01
5.461963269226544071e-06 1.785330823622643948e-05 4.740969161503016949e-04 7.516944780945777893e-03 2.704406976699829102e-01
2.622634638100862503e-04 1.501249653301783837e-05 5.847266875207424164e-04 1.613491773605346680e-02 3.150076866149902344e-01
1.661825180053710938e+00 1.656764652580022812e-05 4.942609957652166486e-04 1.598038896918296814e-02 5.404399633407592773e-01
3.987447738647460938e+00 1.574409543536603451e-05 7.004374056123197079e-04 2.095044124871492386e-02 4.815900325775146484e-01
3.675318509340286255e-02 1.515680696684285067e-05 7.010802219156175852e-04 2.177711576223373413e-02 4.708479642868041992e-01
1.805857658386230469e+00 1.605999659659573808e-05 7.873906142776831985e-04 2.127781882882118225e-02 3.883978724479675293e-01
5.691001892089843750e+00 1.604888439032947645e-05 7.864802901167422533e-04 2.123039029538631439e-02 3.877556324005126953e-01
1.065621852874755859e+00 1.605860416020732373e-05 7.875602605054154992e-04 2.128597162663936615e-02 3.885741829872131348e-01
1.125097274780273438e+00 1.605763372936053202e-05 7.876854360802099109e-04 2.129253186285495758e-02 3.886307775974273682e-01
7.851061820983886719e-01 1.605837132956366986e-05 7.877773023210465908e-04 2.129527181386947632e-02 3.886709809303283691e-01
