1.919866504710293631e-04 8.061477263510141711e-09 1.201067334477556869e-08 4.675985110225155950e-06 1.871216227300465107e-04
5.350757283664742125e-04 8.353863378829373687e-09 1.498657979936979245e-07 3.362001734785735607e-07 6.600061897188425064e-05
1.606559444553568028e-04 1.135803051610650982e-08 5.096356971989735030e-07 1.261215220438316464e-05 8.953889482654631138e-05
4.183173645287752151e-03 3.348449961748656278e-09 3.545478648447897285e-07 1.618779060663655400e-05 2.474925422575324774e-04
2.122341829817742109e-03 2.403051979626980028e-09 3.303529183540376835e-08 1.021805292111821473e-05 3.501421015243977308e-04
3.314153804021771066e-01 5.963860516544627899e-10 2.464116732880938798e-08 6.022852176101878285e-06 3.921780735254287720e-04
1.661173086613416672e-01 1.390969117665008525e-09 9.249308163816749584e-08 5.676174623658880591e-06 3.266440980951301754e-04
7.006338797509670258e-03 1.150443296182857011e-09 7.824176861959131202e-08 5.007474101148545742e-06 3.179909181199036539e-04
1.844617538154125214e-01 1.496562873626317014e-09 9.350357998982872232e-08 5.693676939699798822e-06 3.268289219704456627e-04
3.527494687587022781e-01 2.237774410218662524e-09 9.316182314478282933e-08 5.683043127646669745e-06 3.267649517511017621e-04
3.475666420999914408e-01 1.170720409504610870e-09 9.374257103900163202e-08 5.700174369849264622e-06 3.268657528678886592e-04
