1.947972400273556559e-06 1.811622132663615048e-05 2.507471072021871805e-03 2.113711833953857422e-02 3.127008467912673950e+00
5.511679546543746255e-06 1.954872277565300465e-05 1.245180610567331314e-04 7.758726179599761963e-02 1.533093929290771484e+00
2.622485626488924026e-04 1.136790069722337648e-05 1.526456326246261597e-04 2.053715288639068604e-02 2.550291061401367188e+00
1.661806106567382812e+00 1.632017665542662144e-05 7.269778998306719586e-04 6.971364468336105347e-02 5.218448638916015625e+00
3.987565040588378906e+00 1.459876580156560522e-05 3.653580788522958755e-04 5.612421035766601562e-02 4.715663105249404907e+00
3.675263375043869019e-02 1.424083257006714121e-05 3.228479181416332722e-04 5.515322089195251465e-02 4.588850975036621094e+00
1.805907249450683594e+00 1.606771365914028138e-05 2.162331948056817055e-04 6.396695971488952637e-02 4.545853704214096069e+00
5.690933227539062500e+00 1.606133446330204606e-05 2.144882455468177795e-04 6.410643458366394043e-02 4.535451304167509079e+00
1.065611839294433594e+00 1.606297155376523733e-05 2.167862839996814728e-04 6.392145156860351562e-02 4.548486575484275818e+00
1.125112533569335938e+00 1.605578108865302056e-05 2.168548526242375374e-04 6.389576196670532227e-02 4.549024358391761780e+00
7.850975990295410156e-01 1.605452598596457392e-05 2.173417015001177788e-04 6.387209892272949219e-02 4.550858646631240845e+00
