1.919866863583259697e-04 2.744213389860306052e-08 2.582716831511788769e-06 6.261847738642245531e-05 8.999999972314195707e+06
5.350757931843475035e-04 1.924117754015242099e-09 1.366134711133781821e-06 2.090213092742487788e-04 8.999999977725397795e+06
1.606559735591872595e-04 1.758078571612031737e-08 6.106810701567155775e-07 1.252835500054061413e-04 8.999999984342668205e+06
4.183208569884300232e-03 3.914717439101877972e-09 1.617175144019711297e-06 6.353955541271716356e-05 8.999999975258447230e+06
2.122347999829798937e-03 3.378403334863833152e-09 8.964202606875915080e-07 5.977615364827215672e-05 8.999999976677298546e+06
3.314153803803492337e-01 1.180055164695659187e-09 7.325488695641979575e-07 5.115335807204246521e-05 8.999999977155065164e+06
1.661173282191157341e-01 1.396681881260519731e-09 8.139965075315558352e-07 4.515436012297868729e-05 8.999999977105222642e+06
7.006423547863960266e-03 1.443343222717885510e-09 8.406859706155955791e-07 4.311004886403679848e-05 8.999999976943621412e+06
1.844617580063641071e-01 1.263138926788087701e-09 8.134804829751374200e-07 4.524370888248085976e-05 8.999999977108895779e+06
3.527494450099766254e-01 6.549640829689451493e-10 8.143701961671467870e-07 4.519405774772167206e-05 8.999999977106275037e+06
3.475666430313140154e-01 4.449205448509019334e-10 8.137988061207579449e-07 4.527781857177615166e-05 8.999999977110063657e+06
